mod0,vgsr
36.65,15080
37.29,18221
33.75,3129
32.66,4486
33.37,4564
33.56,1783
36.97,14506
37.52,20472
36.8,15001
33.03,2278
35.02,5934
27.82,322
33.12,2731
37.49,22682
33.74,5308
35.1,4025
34.17,5855
33.38,5218
35.62,8462
34.44,5429
33.78,4593
34.28,4932
33.73,4632
34.17,4686
32.91,3024
33.9,4398
31.7,1638
33.48,5857
35.7,8846
33.86,4958
33.21,3860
32.54,1681
33.53,1468
32.44,1918
33.51,4025
33.09,2416
33.35,2951
31.53,1274
32.58,1861
31.94,1294
35.34,7662
28.32,178
32.36,1317
29.75,963
28.68,180
33.02,2646
32.14,1791
31.59,1712
31.38,2779
34.25,4568
31.14,1808
35.21,8200
32.32,1686
34.63,7314
33.5,6332
28.29,297
32.96,2371
31.8,2246
35.39,7284
36.46,15941
35.22,6554
31.93,2327
27.58,262
32.13,2182
33.65,2620
32.44,2745
34.21,2256
32.42,1044
37.05,19504
35,6851
36.89,16462
34.95,7664
32.58,4877
34.41,5160
35.32,6810
34.45,5570
33.8,4411
33.2,5992
33.7,5259
34.25,5375
34.2,4250
34.09,5526
34.34,5209
34.31,5954
36.31,13416
33.74,4669
33.94,5903
34.07,5208
30.74,1512
35.67,9884
32.9,2010
31.93,2833
34.39,5049
29.07,386
33.87,4190
33.32,4545
34.78,6009
33.82,4397
35.32,7973
34.68,6212
33.48,3385
33.54,3061
35.44,8071
33.65,4462
35.4,7459
35.63,9114
34.51,7407
34.67,5930
32.77,2017
31.87,2313
33.43,3070
36.97,17384
32.5,1978
33.1,2849
31.09,1357
32.69,1296
31.58,1461
33.05,1599
31.56,1233
34.42,5333
33.82,2502
35.98,10046
30.04,767
33.14,2343
30.95,808
35.27,7131
35.11,7167
31.62,848
33.23,898
32.91,2373
30.28,1022
32.84,2581
32.6,2226
31.71,1228
32.25,1528
33,2047
32.72,2673
32.74,2689
37.43,19156
32.45,2642
36.11,10698
35.15,7985
33.47,3014
34.74,5638
32.82,2027
34.61,5367
34.12,4843
35.05,7222
35.2,6385
34.82,5862
34.77,5515
33.23,4586
34.29,4384
32.7,2650
30.86,495
32.82,2029
32.33,2590
35.28,8188
33.2,2790
35.84,8929
26.44,29
24.18,-151
36.18,11258
34.41,4717
33.76,5600
34.54,6106
31.46,1935
31.52,1628
31.43,622
31.82,1843
32.5,784
33.99,4417
29.86,611
32.8,2477
35.53,7143
30.93,1398
33.48,2759
27.92,207
30.88,758
29,2978
30.94,1549
32.29,1893
32.8,1709
32.13,969
31.86,1030
31.22,1311
31.88,1436
31.2,2429
30.98,861
31.28,285
31,538
31.12,391
30.97,1315
31.09,189
30.98,1360
31.21,1216
31.53,1787
35.42,7246
35.38,6374
32.14,1965
33.33,2617
33.23,3568
33.99,4164
35.21,5679
31.7,2239
32.95,1193
33.02,3904
34.26,4900
31.52,1761
35.95,11328
34.46,6708
35.04,5805
33.39,3622
28.59,428
28.64,357
35.89,10346
36.22,15987
34.2,4593
33.55,6058
38.78,46670
29.64,345
28.13,-80
40.09,79038
39.48,66181
39.79,84492
40.32,91617
40.59,105029
42.51,185778
41.36,113765
39.22,57450
25.56,164
32.56,1867
35.09,7067
33.76,2418
31.96,1932
32.02,2034
31.54,2645
32.65,1660
33.1,2529
30.86,1630
31.65,1286
31.8,1127
30.2,865
31.84,1717
29.83,758
28.44,1757
31.4,1840
32.42,2304
31.59,1671
32.71,2109
31.1,1451
24.57,-96
29.42,446
31.06,768
30.78,982
31.54,848
30.64,907
30.84,952
31.3,1016
31.34,853
31.34,928
31.51,933
31.48,975
31.05,1039
31.37,877
31.26,958
32.75,740
31.64,1152
31.41,849
30.34,814
30.15,812
31.31,920
31.11,845
31.11,966
31.34,1063
28.2,275
28.46,375
28.45,396
27.85,172
29.08,296
23.09,-58
36.48,12534
24.35,-194
23.98,-67
34.29,6223
33.35,5276
32.29,2449
34.44,5244
32.83,3371
32.53,2006
36.17,11715
32.53,2272
35.28,5703
31.38,1787
28.69,379
33.6,4637
34.37,5429
34.13,4225
34.02,5405
34.6,5720
33.45,4560
34.61,4468
33.28,5717
34.35,5175
35.19,4930
33.61,3942
34.97,5229
34.03,6133
34,4724
34.63,4704
34.74,6134
34.21,5307
34.17,3370
33.93,5429
33.96,4804
34.61,3943
33.91,6133
33.4,4475
34.04,5270
34.51,3908
34.17,4940
29.7,749
27.62,309
29.21,488
29.65,780
29.22,470
28.49,341
28.24,453
27.92,44
29.43,207
29.13,392
29.91,582
29.01,309
30.11,408
28.33,316
28.75,509
24.45,-120
24.59,-13
24.32,-204
24.34,-171
24.02,-43
24.47,-164
30.24,2155
34.48,5360
32.17,1362
31.23,1368
32.62,2374
32.03,1623
29.95,594
30.7,1449
34.36,5193
34.07,4193
30.48,844
33.41,2500
34.65,5916
31.05,1670
30.8,1493
31.26,1717
32.59,2200
33.88,7104
35.03,7072
29.48,882
31.73,1043
33.02,2001
30.3,434
32.75,1338
32.7,1967
32.36,1368
31.51,1864
32.7,2770
31.93,1246
34.4,6858
34.73,3931
30.66,1121
32.75,1913
34.53,5416
34.95,6634
31.34,1024
29.05,405
33.55,4729
31.34,1291
37,11435
33.28,2606
33.23,2906
29.47,478
31.99,2851
29.69,486
28.74,323
28.52,280
34.05,4500
33.49,5288
33.91,4662
28.4,302
35.45,8100
35.65,6808
29.91,226
36.77,13625
32.33,1101
32.75,2014
34.54,5723
30.05,541
32.03,1143
34.53,6422
31.29,1025
31.27,1469
31.99,1997
31.88,202
29.83,2027
31.38,643
31.28,537
31.48,172
33.81,2510
30.7,76
33.27,2524
32.58,875
29.84,1252
31.01,1528
32.11,1184
31.49,684
32.28,1045
32.98,806
31.73,1061
32.64,2393
31.23,1666
31,-160
30.31,743
31.64,931
32.14,1205
33,1321
32.76,1373
32.49,857
30.24,1623
32.46,682
32.57,1676
32.82,2353
33.3,1198
30.24,2236
30.81,2258
30.73,2292
30.93,511
30.51,1244
33.13,711
30.97,438
31.05,1076
31.88,1373
31.5,1466
28.75,450
30.99,662
32.73,2345
30.84,1570
29.92,1085
31.7,953
31.21,696
35.84,6632
32.64,2418
33.15,2287
30.52,784
27.1,258
35.35,7562
35.3,7064
36.59,12492
34.78,7475
34.86,6806
32.43,2407
34.83,7910
33.58,3235
35.79,8220
34.13,7349
31.42,3055
35.85,8488
31.56,1815
32.23,2263
34.55,4654
34.36,4790
33.47,5800
34.7,6950
32.88,5085
34.1,4814
33.94,4882
36.42,11761
32.15,2309
33.6,4786
33.76,5591
32.74,2860
31.96,1774
33.79,5641
30.69,899
34.87,5798
32.53,2003
31.96,1113
36.02,8329
32.16,2054
34.19,4570
33.46,2139
32.9,1955
33.22,2028
33.13,1999
32.53,1591
35.11,9907
34.98,5916
33.06,1915
31.85,1144
33.52,2867
34.72,6070
31.99,1627
34.22,6273
35.36,6108
34.91,6771
31.84,1924
31.68,2484
32.73,1190
32.17,1674
31.05,843
33.27,2508
32.31,796
33.06,2173
31.07,851
33.02,6623
34.23,6902
31.42,1084
35.56,7886
33.72,2897
37.21,12184
32.26,1803
34.62,8598
33.07,2010
32.34,1949
32.66,2096
36.09,10607
35.13,7286
35.32,7587
35.46,9479
33.7,6517
33.69,2331
32.86,2390
35.55,9782
33.48,3732
33.33,4340
33.8,3947
32.47,3911
32.24,3662
33.04,3671
24.92,-19
35.57,9367
32.88,3981
34.21,5148
36.08,9275
32.13,1633
35.99,8986
35.58,11693
33.08,2472
34.66,5574
32.4,2524
34.61,5451
36.99,16249
34.8,6758
35.44,5785
33.02,3652
34.07,4749
32.16,1809
34.36,5133
34.45,4949
33.88,5304
34.44,5092
34.3,5294
30.85,1224
32.95,2824
29.34,834
29.24,543
34.04,4490
33.94,5315
33.52,4538
34.32,5288
34.5,5864
34.72,3446
32.45,3100
33.99,4958
33.3,4211
34.9,6417
33.97,2856
34.12,5166
34.12,2426
31.67,2453
29.91,228
34.59,7542
34.4,5015
31.92,1164
34.61,6194
33.2,2843
31.29,862
29.22,1558
32.4,1563
31.77,1053
32.89,1501
32.75,1475
31.57,1092
33.03,1617
32.98,2764
34.95,5020
31.49,1764
34.13,2658
30.81,764
32.65,2112
33.77,1812
32.91,2146
32.69,2063
33.07,2261
31.78,2050
30.52,-172
32.19,313
32.53,2397
31.94,655
30.55,2355
30.95,278
30.78,1079
31.91,2406
32.86,1162
31.17,1341
31.47,-195
31.49,1115
31.96,879
30.44,1375
31.93,1467
31.52,888
31.2,2460
32.09,1037
30.54,-486
31.31,1019
31.2,-274
34.31,1774
30.47,181
30.33,366
30.79,1212
30.41,1043
31.41,1677
31.83,2053
29.03,217
30.87,1898
30.81,1724
30.99,380
31.43,292
32.24,1016
32.39,2208
30.58,709
31.5,2208
35.05,5908
32.02,940
32.43,1738
30.65,1212
30.83,586
31.16,650
34.73,4384
32.18,966
32.36,1953
34.99,7292
35.43,7121
33.22,2619
29.03,1180
35.27,6504
35.47,6659
34.48,6385
35.63,6419
31.01,1425
31.45,1345
31.2,1768
31.58,1358
32.86,2256
33.44,2265
34.73,6825
35.26,7750
35.82,9432
31.79,2438
35.52,7053
34.22,5386
33.96,5406
34.46,4759
34.77,6822
34.8,5730
33.2,5127
32.59,782
33.05,2820
33.77,4798
32.7,2525
29.39,806
34.28,5582
32.76,2901
33.89,4542
34.79,6298
34.19,5389
34.17,4883
34.14,6352
33.03,2628
33.98,4232
34.88,7790
35.19,7623
35.07,7715
35.21,7343
32.56,1626
32.35,1734
33.05,1095
33.13,2803
33.86,2656
32.07,1570
28.98,473
35.05,6253
30.04,573
32.75,2612
33.38,2988
32,918
35.03,6266
34.24,7641
34.03,2534
32.61,2018
35.28,7220
32.45,1510
35.32,6658
32,781
32.65,1488
31.03,995
30.55,-8
31.56,1711
31.78,772
35.09,8095
31.55,1193
35.45,7077
35.07,7965
35.05,6332
30.86,1243
32.37,2006
31.82,2709
30.47,891
32.33,1532
31.82,1606
32.71,1857
33.59,3692
32.27,2970
34.36,6744
32.65,2738
33.4,4545
33.44,5102
31.21,4730
32.73,2875
33.99,5271
35.85,9211
34.55,4823
32.42,1773
36.92,14443
32.21,1429
34.62,7116
27.55,292
33.47,3892
32.72,2485
29.78,727
33.69,5623
33.04,2099
31.68,1333
30.73,1218
29.85,481
31.39,1486
30.45,1484
31.97,92
30.7,864
32.34,2298
31.47,1046
28.09,376
30.26,46
31.11,1468
33.83,78
31.27,2014
31.55,80
30.23,1943
32.14,2508
31.94,2055
34.25,5242
33.88,4677
33.62,4986
35.45,8870
33.81,3990
32.71,1868
34.77,6174
32.5,1820
30.37,1417
35.08,6862
31.93,1380
33.45,2879
32.97,1794
34.04,5248
35.16,9576
31.25,2824
31.69,1396
32.75,2081
31.67,1222
33.07,3992
31.31,979
34.62,5929
31.84,923
31.32,458
30.82,1651
29.62,1037
30.75,1654
31.11,1005
31.52,860
31.77,1435
32.23,900
31.44,1166
31.77,921
36.42,11504
34.7,4893
32.62,5919
33.78,5452
30.19,1322
26.07,75
32.27,3097
32.79,2350
35.31,7318
32.78,3779
33.62,2666
24.39,-153
28.92,399
32.05,2316
32.23,2297
31.48,181
31.84,990
31.81,574
31.36,1544
31.49,1260
32.68,652
30.39,1687
32.2,1589
31.06,256
31.27,1054
34.53,2742
33.25,-221
32.22,1292
32.19,545
32.24,1751
30.52,461
33.19,1945
35.87,6696
33.54,2976
34.48,5012
32.45,2333
32.09,2568
31.86,1863
34.2,5262
32.46,3872
34.78,6826
33.61,3418
34.56,4845
33.25,2308
35.03,6250
32.2,2544
32.28,2060
30.47,958
28.44,344
35.08,5448
34.99,3696
33.21,2357
33.19,2360
30.71,1000
33.1,2910
32.12,1033
33.39,4372
29.96,534
34.96,6209
35.66,6278
34.62,6709
30.12,425
31.39,1158
32.43,2642
33.34,3867
31,3081
31.33,1138
30.97,1215
32.23,2022
33.08,3087
35.02,7689
36.19,11677
34.38,3753
29.48,241
32.12,1281
34.56,4992
31.56,1228
35.52,8454
32.83,2232
31.26,1015
32.5,3629
32.14,1811
32.9,2966
30.64,912
31.41,827
31.06,1546
31.48,2157
31.37,1274
31.24,1789
30.96,1264
28.71,483
33.18,3110
30.16,1060
32.98,2290
30.73,995
32.12,3361
33.26,3148
31.26,2068
31.52,1860
30.55,1634
29.4,606
34.81,6683
34.88,6665
35.01,7518
34.67,6205
36.49,10948
20.56,65
28.53,369
27.68,172
28.79,374
29.08,221
29.51,189
34.12,5109
31.66,2180
31.07,1582
32.18,1562
25.56,193
27.71,205
24.11,-17
29.99,874
24.25,-4
30.81,1505
33.08,4676
32.84,3312
21.1,0
31.53,1683
32.83,2628
35.11,6586
29.29,546
34.66,5714
32.51,2347
32.15,2018
35.79,10314
31.93,1783
33.26,3293
32.93,3091
30.62,694
33.56,4178
32.91,2702
34.37,3998
29.64,688
30.8,1312
30.68,1389
33.38,4764
32.23,2470
33.67,4663
34.32,4907
32.84,2769
31.46,3038
28.79,173
31.29,1472
31.49,1236
30.41,638
32.07,2626
32.48,2382
33.74,4766
35.65,5440
24.47,-17
31.62,1567
30.57,996
32.97,2564
32.94,2971
31.43,1204
30.68,647
31.12,676
32.7,2364
31.01,1090
31.14,972
31.73,1254
31.56,1358
30.89,1030
33.5,3433
31.17,1213
32.78,2408
31.33,2315
29.75,529
30.89,844
30.32,-218
30.23,1184
31.28,1567
28.6,666
33.73,3113
30.63,1503
32.79,2799
32.39,3164
31.52,772
33.81,7627
34.9,5484
33.11,2944
27.92,315
29.4,560
32.59,2639
32.29,2634
31.67,1092
31.45,1752
33,2499
32.89,2205
33.56,2502
32.09,1848
34.56,5328
33.53,3036
31.49,1082
32.48,2884
34.27,4996
34.26,5045
26.46,83
32.69,2871
33.56,4438
34.7,4495
31.1,1885
32.51,2112
34.87,6755
29.62,549
31.66,953
32.58,3295
30.88,831
29.17,1197
32.16,969
33.23,3274
33.87,2015
25.17,7
23.2,-142
32.49,2408
31.81,1272
32.03,1575
31.93,1490
33.13,2577
32.51,2584
32.69,2583
31.6,1457
31.51,1369
27.61,206
33.25,2850
31.82,1631
32.22,2654
32.31,1900
32.22,2797
32.9,2754
30.94,1441
28.3,309
27.53,214
28.69,423
28.35,460
28.92,622
27.66,396
33.48,4052
32.88,3303
32.71,3748
32.47,3512
32.46,2512
33.44,3094
33.59,3561
34.15,3183
31.62,1084
30.97,762
31.1,1157
31.98,1184
31.95,1185
33.26,3064
31.8,2501
30.1,813
31.98,2291
32.62,2375
32.13,1911
32.64,2357
33.45,3340
33.06,2619
33.28,2702
32.64,2408
31.92,2202
34.2,4294
32.91,2612
31.93,1098
32.18,2577
31.93,2086
33.15,2714
33.26,2315
31.16,714
31.52,1517
30.85,1397
32.26,2636
32.89,3687
27.37,213
32.42,2154
32.31,2464
31.26,1896
29.76,698
29.9,679
31.1,1776
28.33,229
28.12,247
26.48,133
30.22,1376
32.93,2784
31.37,978
31.44,917
31.36,2346
32.63,2121
31,1430
31.32,529
22.11,174
19.53,-101
29.32,574
33.18,3246
31.1,2012
27.93,98
27.68,226
18.97,21
35.74,8513
28.63,366
27.03,196
27.38,106
16.8,114
31.52,769
31.41,1224
31.09,1112
30.83,1388
31,147
31.07,1667
32.34,2796
32.8,1327
32.55,1775
31.5,1178
25.68,14
31.36,1828
31.95,1477
30.62,1471
31.5,1493
30.92,237
31.5,1159
33.49,4516
31.01,1434
31.01,578
29.78,596
32.61,3020
28.46,242
29.04,185
29.23,436
28.65,304
29.77,433
27.53,18
28.16,301
33.8,4688
32.96,3637
33.15,2152
32.63,1887
32.91,1991
32.81,2437
33.88,3233
35.12,4983
35.41,7909
33.09,2917
33.5,4164
33.76,4678
31.66,1395
31.26,6050
24.94,-26
29.73,397
27.07,168
29.75,712
28.76,366
31.87,1741
29.89,543
32.33,2079
33.36,3111
32.39,1988
30.73,770
31.22,1608
32.11,1389
33.8,1642
32.33,1565
31.18,2268
32.17,1351
30.35,886
30.25,921
30.8,1203
29.11,491
24.5,-147
31.62,1577
32.24,1719
36.74,16653
32.13,1582
32.42,2179
28.41,273
31.61,1369
31.21,1836
31.67,1936
31.23,1614
32.11,1446
33.24,1761
32.35,1883
32.19,1717
33.44,4274
34.16,4779
32.85,3280
33.83,4377
33.13,2438
32.06,1615
32.98,4251
31.26,1466
31.17,1249
31.22,1469
32.24,2883
30.84,1188
31.43,1004
30.46,1527
32.11,2004
31.2,1336
27.24,257
32.89,2228
32.58,2630
31.7,1343
30.91,1540
31.89,887
34.46,5365
30.99,1603
28.17,302
31.31,859
31.29,1301
31.48,1281
31.39,1362
32.13,1446
31.07,773
31.19,1516
31.39,1202
31.89,1607
31.8,1719
31.77,2004
31.97,1297
31.51,1822
32.06,1786
31.84,1350
31.41,1263
32.11,1573
31.78,1416
30.81,906
30.92,1256
31.49,997
29.46,826
31.45,1070
31.3,1732
28.94,1329
31.47,867
31.3,976
31.02,1117
31.12,1679
32.13,1699
30.1,1038
33.27,3472
35.04,6910
33.5,3048
32.02,1954
32.57,1741
34.48,5948
31.94,1950
30.37,875
31.89,2178
32.77,2647
31.65,1237
31.48,1143
32.78,2994
32.58,3030
33.12,2992
35.38,8968
32.11,1562
33.05,2689
34.46,4950
33.02,1978
29.58,644
32.91,2724
34.71,4376
33.96,3251
32.04,1505
33.01,2417
31.89,1465
32.83,2482
31.95,1694
35.22,7531
34.91,4904
29.94,482
32.33,2380
33.95,4951
29.53,677
33.32,1472
33.22,3155
32.53,2154
32.87,2510
32.5,2421
32.9,2402
32.65,1682
33.25,2313
32.82,2068
29.25,868
31.64,1728
33.48,4088
31.17,2393
32.92,2001
32.38,2796
31.97,1680
31.24,1241
32.02,2595
32.3,2493
34.45,3524
32.3,2511
32.71,2352
32.7,2416
32.47,2620
32.73,2576
25.59,163
31.67,2571
31.52,1096
30.8,879
32.43,2623
32.64,1299
32.96,2913
33.66,3886
33.84,3566
34.39,3416
34.78,5649
34.11,3278
33.63,3603
32.64,2554
32.86,2316
32.14,1750
33.02,2722
33.8,3131
31.99,1420
31.43,1309
30.44,916
32.97,2670
33.06,2913
32.55,2232
33.01,3174
29.96,767
33.04,2910
32.56,1781
32.3,2100
30.17,763
30.55,718
32.11,1645
33.78,4191
31.26,797
31.85,1698
33.13,3201
35.59,8669
33.14,2975
34.24,3913
32.24,1373
30.69,490
32.42,1753
32.74,1705
30.41,929
32.38,1503
30.84,815
32.32,2403
33.66,2020
32.67,2213
28.19,272
32.51,2142
30.97,925
30.92,1317
31.34,620
33,2756
35.12,6701
32.5,1900
32.12,1338
31.19,1584
32.54,1843
32.19,2528
31.12,855
31.25,484
31.2,-345
31.04,1323
31.06,625
31.1,911
31.03,1447
29.82,632
31.13,1336
31.08,916
31.03,1150
30.72,954
32.32,2799
27.8,319
32.07,2144
32.64,2535
33.86,4479
31.16,1059
30.58,1393
31.87,1289
30.93,1162
30.98,1005
33.26,3679
32.29,1812
32.62,4028
32.3,934
33.15,2598
31.52,2007
35.6,4998
26.61,186
27.7,386
32.58,2425
34.31,4722
32.33,2642
31.66,997
32.91,2722
32.77,2870
32.56,2636
32.23,2131
32.14,2541
34.72,5577
32.71,2475
32.91,2479
30.39,1127
34.36,4248
33.97,3908
33.58,3642
32.27,2142
33.24,3963
32.45,1928
33.63,4106
32.41,2054
33.07,2876
35.37,6823
32.05,2027
32.08,1650
32.01,1409
33.2,3769
31.21,2397
33.55,3681
33.49,4240
35.12,7117
31.93,1561
31.6,1747
32.74,2571
32.17,2378
31.13,2140
33.6,3919
32.15,1640
32.13,1899
32.52,2875
31.04,913
32.65,819
31.91,2271
32.63,2506
32.81,2177
33.75,4285
34,4523
32.54,2040
32.62,2762
32.88,2993
35,7096
32.06,2503
32.63,2489
33.86,3947
32.16,2259
30.15,997
32.95,2444
31.25,1565
30.7,773
29.8,758
32.31,2500
34.09,5432
23.32,44
32.77,3022
32.14,2922
32.98,3189
32.73,2758
32.56,2766
31.51,1573
32.53,2598
31.93,1896
31.83,1863
33.2,2823
32.87,2764
32.32,2535
32,1752
32.86,2648
33.21,2752
31.7,1533
33.72,4281
30.89,1285
33.1,3226
32.83,2400
33.18,3636
32.82,2818
32.9,2821
33.65,4265
31.95,1563
33.23,3551
33.17,3680
32.93,2937
29.88,682
32.6,2508
30.68,920
33.2,2692
31.66,1143
36.09,9172
34.25,5072
34.15,4690
33.12,3872
34.04,5095
35.03,7426
33.72,5101
33.33,4334
31.6,1359
33.77,5896
29.33,636
33.7,3619
30.39,620
32.53,1669
31.7,1141
30.83,907
32.66,2122
31.06,1216
30.98,841
31.18,798
30.9,469
31.73,1002
30.98,1198
30.98,273
31.81,1148
34.18,4941
33.42,3409
33.11,2282
34.56,5398
33.32,3752
33.85,4771
32.43,2213
31.61,1160
31.38,1649
31.65,975
32.91,1647
32.73,2262
32.92,2608
32.46,2533
32.03,1980
32.66,2166
31.78,2002
31.56,608
31.24,-241
31.73,1209
30,103
31.08,1309
31,1137
32.26,1055
30.89,42
32.08,795
31.71,923
30.98,592
30.92,359
31.19,1362
32.7,2456
32.01,2856
32.82,2853
31.15,1422
28.14,2370
31.93,1308
32.6,1507
31.39,1234
33.77,1617
32.39,1561
31.84,1203
32.41,1204
32.75,2317
34.95,5431
33.26,3677
31.34,1027
28.12,267
30.2,746
31.31,1008
31.89,683
31.85,1714
33.43,2478
30.84,924
34.76,6715
34.71,8165
31.6,1645
34.79,8543
35.03,6046
30.25,749
31.54,1051
29.67,968
31.77,862
31.49,1398
28.12,1356
32.56,2510
32.2,2416
32.3,2073
29.92,697
32.6,2381
31.66,2048
32.71,1822
32.13,1660
34.81,6457
32.21,2400
30.75,-216
31.52,1232
18.51,90
31.09,1222
32.7,2769
32.14,1466
30.89,911
32.6,2268
29.14,342
32.86,3584
31.88,2647
33.44,2447
29.95,792
31.8,926
33.19,2835
31.11,741
32.09,4022
32.57,4354
30.11,346
33.69,3904
29.97,395
28.62,295
27.25,258
30.75,848
32.82,1313
31.67,1086
30.92,1317
31.04,1267
32.12,1983
31.57,2612
24.42,-153
29.27,457
30.95,1406
30.84,389
31.84,385
28.45,377
34.13,4356
33.99,5721
33.63,6151
34.84,5004
34.27,2806
33.85,4179
33.88,4284
35.4,5605
34.4,5247
33.75,4638
35.02,7644
32.83,3165
35.05,6718
33.13,4801
34.48,4294
33.23,3666
34.35,4337
35.67,7895
33.79,4219
35.26,7366
35.44,7135
34.89,6029
35.44,9009
35.09,7786
34.73,5602
34.41,8419
36.59,11198
35.41,8081
32.46,2583
33.56,2535
31.96,2582
32.45,1829
30.2,732
32.94,1518
33.01,2995
32.06,2548
31.38,1680
30.91,1561
33.06,3443
33.09,2334
32.61,2218
31.72,2211
30.3,1057
31.26,1540
31.6,1622
32.37,2827
32.59,3018
29.5,1692
31.93,1571
31.12,517
30.9,1335
31.23,1421
32.12,1646
32.97,2762
31.29,1396
31.45,1534
32.22,1900
31.59,1885
34.45,5746
33.71,4368
34.6,4252
35.2,5572
34.22,4412
32.61,1757
33.96,3919
34.2,4494
34.23,4829
32.4,1911
33.88,4103
33.85,4782
33.13,1611
31.15,1031
31.9,2004
34.07,4346
32.93,2856
31.32,1046
30.46,1154
32.26,1651
33.1,2559
31.94,2286
31.45,1337
28.8,1641
32.22,2729
33.81,3920
32.09,1590
31.5,2010
31.91,1834
34.31,5637
31.59,1740
34.94,6153
33.29,2321
32.68,2073
31.72,1507
32.22,1135
30.31,1567
31.89,1366
30,1400
31.77,1600
32.07,1874
32.49,1822
32.13,1485
32.95,1722
31.99,308
35.32,7291
32.72,2096
31.55,1022
29.9,611
32.79,2744
30.73,1332
32.31,1798
32.66,2225
32.1,1697
32.12,2754
30.48,1119
32.01,1120
30.73,1473
29.26,356
32.49,2659
31.65,1104
29.56,180
31.46,814
31.14,-142
31.28,1684
31.09,750
29.89,1073
31.26,1363
30.33,597
30.41,1209
28.22,123
29.65,1094
20.86,-56
29.34,630
32.93,2934
33.35,2500
32.33,1600
33.28,2794
31.96,1859
32.45,2301
32.33,1395
32.76,1972
32.89,2450
31.49,663
31.55,1670
31.52,1753
27.55,267
31.56,1516
34.46,4931
30.39,606
31.41,1299
31.46,913
31.55,1152
31.67,1040
32.42,1925
33.85,3607
32,1320
32.5,1412
33.23,2598
33.38,3941
21.83,32
32.14,1199
33.28,2848
32.45,2581
29.97,660
32.84,3604
30.93,507
30.91,1241
31.1,953
31.84,1235
32.62,1216
24.52,-62
31.33,2023
30.88,1081
31.53,997
30.96,987
31.16,1144
30.93,1562
31.04,2215
29.86,564
31.83,1318
31.87,1573
32.2,2086
32.57,1462
31.99,2290
31.98,2085
27.86,88
32.46,2918
31.5,1885
32.75,2588
31.79,1379
30.49,1140
34.87,7870
35.19,7994
34.94,6983
35.06,5666
29.98,677
30.07,711
31.3,1701
31.13,1045
33.92,5336
32.41,2775
32.13,815
31.41,1449
32.94,2937
32.32,1895
32.31,2492
31.17,1033
33.64,2198
29.18,376
29.64,434
31.24,765
30.94,1012
33.51,1361
32.73,1519
31.28,1199
34.8,4238
33.66,2568
33.11,2644
33.78,3630
32.47,1632
31.41,2616
30.83,1614
31.55,1330
32.89,2508
30.66,1352
31.16,1513
30.13,629
32.36,2449
30.35,576
31.16,1176
30.52,747
31.93,1096
31.23,1100
31.79,1466
32.4,2546
33.23,3630
31.56,1302
35.06,6460
35.21,7350
33.37,2942
29.82,664
31.07,672
27.78,69
30.73,682
29.85,475
27.77,107
27.53,237
30.3,635
28.21,366
29.78,574
29.13,530
28.22,400
29.14,272
30.81,1029
27.86,226
28.03,383
30.29,444
30.27,457
31.7,953
29.66,458
29.46,444
31.73,1142
30.13,574
29.19,469
29.97,539
30.11,726
29.35,439
29.26,480
29.08,486
31.28,716
29.19,319
27.12,269
32.66,1090
28.71,570
27.26,179
29.31,515
28.48,246
30.11,624
28.39,334
27.08,250
29.07,551
28.3,318
28.3,394
28.42,163
28.22,348
28.2,362
30.26,598
30.14,483
29.3,258
30.79,1687
30.96,928
32.08,588
31.09,602
31.11,937
31.14,1779
30.97,1120
31.02,1754
30.45,875
31.27,1767
30.03,756
33.2,3709
31.2,1905
30.69,931
29.41,514
31.96,1761
30.97,1079
31.55,945
31.78,1144
30.27,822
29.9,761
27.83,391
31.57,1078
30.44,1142
31.11,1312
32.08,506
32.28,1708
30.4,746
24.46,-112
31.84,1818
31.11,1078
31.39,2183
31.58,1314
30.77,1014
29.35,803
33.6,3912
31.35,2082
29.98,1520
29.74,465
28.02,254
28.16,262
28.01,153
27.7,270
31.68,1605
27.79,119
27.37,105
31.14,1679
32.16,1710
26.53,121
31.97,1638
30.74,848
31.12,1230
24.71,-48
30.85,1605
24.94,-54
28.61,273
27.79,340
30.41,1222
24.5,-22
31.73,1469
32.9,2754
35.33,7535
26.62,98
31.74,1400
34.19,4582
32.94,3586
31.85,1191
30.9,2303
30.82,793
29.09,478
27.68,223
30.09,590
29.67,548
27.53,34
27.73,265
28.79,445
27.58,209
28.32,39
27.38,183
28.13,303
28.94,493
28.01,316
26.8,196
28.21,282
27.37,313
28.79,346
27.68,274
31.32,801
28.15,256
27.75,50
30.02,1150
31.87,1502
26.08,179
33.46,4974
28.13,269
32.52,1965
27.95,1019
30.47,670
30.09,360
34.73,4519
29.59,885
32.7,2677
30.53,861
30.48,2248
30.15,803
30.37,-267
31.08,1916
31.39,965
30.49,1596
33.73,4477
33.24,2956
27.89,357
31.18,818
33.46,4982
27.84,244
32.76,2259
33.47,3472
30.45,827
31.78,1444
33.1,1865
31.56,1082
33.45,4051
32.88,3230
34.17,5602
34.58,4542
32.81,5095
34.02,5033
34.16,4219
33.87,4634
33.88,4634
34.57,5162
32.1,2392
34.35,4245
30.02,656
31.89,1275
32.89,3070
31.82,1430
32.55,2489
33.8,5834
30.73,1385
34.6,6161
30.44,1042
34.54,6013
33.08,3123
33.27,2719
32.22,2037
32.89,2356
30.58,594
32.86,2824
33.56,6712
33.57,2692
31.15,1002
33.07,2682
33.3,4626
33.99,5505
31.51,1344
33.12,2367
34.71,5896
35.05,4676
33.93,3920
34,4861
32.5,1799
31.48,1989
33.82,4405
33.55,3146
29.86,385
31.1,1489
32.2,1110
31.36,1040
34.43,6476
33.44,2714
29.54,1970
33.11,2669
32.45,1946
33.17,1586
33,2357
34.8,5940
32.95,2796
33.84,1972
34.14,5439
34.98,6400
32.76,6241
33.26,3580
32.57,2510
34.04,4489
33.54,6297
34.37,3863
32.98,3189
34.35,5340
30.96,700
33.9,5076
32.13,1041
34.46,4925
35.15,7800
32.34,2113
32.43,2178
32.98,2208
33.2,3975
33.48,4561
33.11,2010
33.78,3503
35.17,7447
30.43,2146
32.62,1802
33.62,2110
31.77,2502
31.34,808
33.22,3016
33.1,2628
33.24,1832
32.67,1250
32.82,1992
30.11,734
32.06,1259
32.06,1624
25.79,168
33.33,2705
28,171
31.81,1047
33.21,2028
33,1992
32.58,2170
30.95,1854
31.66,1474
32.25,1552
33.01,2473
31.2,1288
34.9,6296
33.12,2492
32.31,2155
32.44,1958
32.32,2371
32.05,1235
31.78,1990
31.9,-208
31.05,941
31.69,791
32.87,2868
31.94,2647
31.29,704
31.82,1673
31.72,758
32.2,1288
31,387
29.27,816
28.72,256
31.83,767
31.07,1813
33.67,2613
29,66
35.35,7540
30.82,882
31.95,1809
35.08,6587
32.84,2548
28.37,129
35.83,8972
33.45,2988
32.39,2409
32.42,1411
29.15,435
31.54,1006
32.37,1545
31.99,2031
31.01,2309
35.97,9130
31.2,2242
32.21,2245
32.07,1923
35.07,6362
31.75,1241
33.33,3277
32.25,2038
32.76,2016
33.73,2682
33.77,4480
35.46,8956
33.23,2254
32.6,2221
34.24,4830
32.35,1855
32.12,1975
35.72,9511
32.09,2055
33.42,3109
32.57,1261
33.29,3070
35.18,6821
35.53,9327
31.52,1356
32.61,2893
28.99,238
33.25,3506
33.78,4363
33.15,4212
31.68,2096
34.47,4771
34.03,4689
35.37,8275
34.17,5962
33.21,2791
31.9,2634
34.48,4863
32.84,3969
31.05,1046
32.87,3940
33.06,3791
33.95,3430
32.51,2952
35.23,7300
33.31,3327
33.7,5049
33.98,4895
34.13,4763
33.71,4412
34.24,4424
33.7,4326
34.82,5509
33.76,4991
34.41,5360
35.6,8144
33.05,6294
33.57,4743
31.48,1487
31.44,1173
33.8,4732
35.3,9478
31.4,1213
31.36,1083
35.17,6885
34.62,4799
32.08,2177
34.34,5664
32.37,1200
31.87,2184
31.13,1803
35.34,9131
35.52,9234
24.49,-180
24.8,-439
36.14,10486
34.22,4930
27.97,278
34.03,4840
30.25,750
28.42,402
31.36,1448
29.92,478
29.87,467
31.49,1179
32.78,1561
30.73,1124
30.65,1036
30.86,824
31.44,1063
31.24,682
30.86,1204
30.57,934
30.4,1874
31.18,1114
31.02,1272
30.17,929
34.95,7182
34.44,4878
30.8,821
32.11,2512
29.48,244
32.42,2640
31.63,1305
32.95,1889
33.04,1641
32.34,1859
31.91,1459
30.33,978
33.35,2898
32.7,2582
32.45,2352
31.05,1169
30.76,836
32.41,1478
32.56,2473
30.3,1148
32.48,2156
34.15,4639
36.47,8711
34.13,4189
34.43,7756
30.96,220
35.49,6915
35.46,8128
35.08,6960
33.93,4216
35.46,8412
34.8,4272
39.83,43318
40.11,78916
40.06,80998
39.66,61811
17.01,-195
17.34,-258
29.79,500
32.56,1622
33.47,2725
31.93,2049
32.89,2680
33.71,4477
32.43,2710
32.47,2056
31.64,1633
34.3,3195
33.22,3552
33.9,2878
33.81,3676
33.71,3261
33.84,3531
32.81,2820
33.53,3030
32.22,2017
31.46,855
31.84,1787
32,1807
30.56,1192
31.34,1004
30.82,1163
30.33,737
32.76,2056
32.62,2700
32.32,2319
32.33,1508
31.27,961
32.73,2093
32.58,2521
32.66,3187
33.3,5028
31.51,2016
31.67,1398
33.8,4381
32.72,1961
34.13,3763
30.27,733
33.23,1976
31.95,1716
32.59,2983
33.28,2797
31.41,1526
33.21,2690
31.13,1007
30.78,1158
32.88,2892
35.13,8293
32.55,1908
31.35,1064
31.71,1504
32.9,3198
34.47,5776
31.83,3170
32.92,2839
31.08,962
32.97,3046
33.14,2925
33.78,4939
32.47,2677
32.32,3156
32.59,2551
32.78,2970
31.8,1828
31.78,1866
31.48,1608
32.76,2884
33.35,3427
32.19,1568
32.56,1928
33.94,4846
31.17,1287
30.83,1193
30.99,1479
32.25,2699
32.63,2614
32.45,3007
33.65,4358
31.4,1023
29.6,928
32.46,2411
31,1859
33.16,2709
29.93,703
30.47,971
30.86,1046
37.25,25977
37.59,22950
31.86,1803
35.26,8193
37.57,28268
33.97,4649
35.65,8528
33.97,3863
34.52,5284
35.15,6031
34.89,4144
34.2,4550
35.18,5889
35.52,8118
35.27,7484
32.28,1852
32.79,2318
32.59,1196
35.33,7367
35.77,9255
31.36,2818
35.15,6839
37.78,20203
36.52,12460
35.19,6685
32.76,2910
32.79,2020
31.84,1831
35.9,9371
32.54,1786
35.67,9405
31.92,2280
29.88,2177
31.11,909
35.79,7785
30.98,1656
34.95,6830
32.74,2778
30.96,1537
33.27,2421
36.41,13621
34.89,7309
33.35,7788
35.43,6132
34.36,6567
35.91,8352
35.17,7255
33.68,7157
33.05,7450
34.33,8182
32.92,6144
33.91,6425
35.02,7318
34.27,7194
35.04,5464
35.11,7160
35.69,6929
34.85,7033
34.98,7021
33.1,6952
35.04,6023
36.08,7046
35.19,6418
34.96,7681
35.21,5751
34.7,6840
35.1,9477
34.29,6073
37.74,20314
35.66,6802
34.98,7600
35.23,6268
35.6,6831
34.86,6984
35.18,8022
35.51,6914
33.99,6919
33.93,8403
35.24,7580
35.24,7721
34.61,6586
34.91,7252
34.59,7520
34.92,5748
34.45,5900
34.57,8190
34.83,7792
34.67,5971
34.05,8210
33.88,5477
34.09,6613
35.24,8126
33.94,6915
33.53,7566
35.29,7619
35,5478
34.01,8244
34.99,7292
34.71,5752
34.85,8665
35.19,5983
34.52,7621
33.55,7430
35.43,6241
34.24,8224
35.16,8386
36.03,10126
34.4,6068
35.89,10295
32.21,1714
35.09,7180
32.25,2333
33.36,2617
33.51,2204
31.15,2018
32.42,2771
34.02,3734
33.71,2462
35.98,10963
32.63,2427
35.85,10112
34.72,14906
32.29,2636
32.34,2814
38.27,28568
35.76,10011
35.81,9159
35.3,8074
36.54,14970
34.26,6036
36.19,15072
32.94,1823
33.45,2176
36.43,18910
36.65,20081
35,9761
36.88,17485
32.59,1573
31.33,1605
35.4,6161
35.67,13749
36.6,19672
34.01,5866
32.05,2149
33.19,2802
31.06,542
34.39,5459
31.12,1198
31.14,1615
30.98,914
31.15,1371
36.38,13281
31.54,1597
37.52,23603
36.95,22941
34.16,2702
36.49,13497
37.77,31378
37.11,27136
37.54,32351
35.51,8980
35.9,10914
35.63,8478
35.07,9386
30.23,405
28.66,253
34.35,4478
26.42,95
28.34,230
26.12,142
28.29,239
27.64,207
24.46,-169
24.57,-96
27.03,63
36.58,12712
28.89,275
24.45,-24
24.39,-223
27.86,-24
38.58,48464
37.85,35904
40.06,93153
38.03,35410
39.94,77826
39.21,59325
37.28,26117
37.43,28074
36.1,13036
37.83,26265
35.73,11584
34.18,3439
37.92,25157
37.2,18904
29.87,426
38.14,39239
38.79,52370
37.03,17269
37.6,21706
29.6,652
41.39,142369
43.11,237250
24.35,-68
28.76,440
38.99,56131
31.12,1456
40.25,89756
28,79
27.87,-34
17.1,169
24.43,-33
21.65,69
18.1,-116
19.1,109
19.95,-7
17.5,-33
18.11,35
18.15,82
21,-95
20.8,145
20.96,10
18.35,240
21.25,59
17.73,42
37.21,10931
25.59,-135
24.83,68
24.05,8
24.37,-326
24.33,-297
24.62,-393
24.62,-24
23.71,-211
27.68,76
21.3,-75
16.13,36
28.18,324
24.36,-85
24.5,81
24.6,-355
24.61,-164
24.66,3
29.62,467
24.17,48
36.15,10374
38.42,30279
36.55,11841
35.25,7373
35.81,10561
37.56,19125
34.26,60030
24.4,16
24.45,-181
24.75,-19
24.49,-216
30.87,1122
31.28,-37
35.63,9474
38.58,81556
40.42,89440
39.81,79026
39.58,65231
38.55,42955
39.84,64061
38.92,54113
40.13,87228
38.69,49673
39.3,63923
39.56,75045
39.54,69446
40.12,83278
40.67,109014
38.59,48671
41.13,123355
38.04,36447
38.63,46951
39.09,56020
40.06,84068
40.2,88561
40.48,93424
40.19,92802
39.02,54174
39.27,61485
39.26,63828
40.44,108278
39.96,81816
38.99,55924
41.19,117348
39.37,64591
37.84,35328
40.85,126695
40.88,113461
40.01,71944
41.5,116190
41.96,170745
41.06,146754
41.41,148358
42.44,196580
41.55,134948
41.07,128874
40.6,128729
41.78,170774
41.7,128832
40.53,95792
42.48,173438
41.12,134771
41.34,174032
41.72,124570
42.83,248790
41.34,132090
41.65,150008
43.21,257733
41.71,161796
42.88,233694
42.59,173785
43.78,228652
41.23,158800
38.58,53873
43.65,164744
39.49,53819
42.48,110781
41.25,140756
41.05,131763
42.26,194719
40.62,107779
41.29,131762
41.61,149751
42.45,191723
41.47,128870
42.05,191827
42.53,224806
38.5,44816
38.08,37009
38.25,35834
38.72,54695
41.61,137921
42.92,278827
41.34,140863
39.85,84063
43.56,278908
41.8,165464
42.26,201140
41.66,153168
38.19,38605
31.84,974
38.18,38895
37.26,27068
40.33,87010
39.31,57304
38.41,47939
37.93,32611
37.98,37311
39.05,48017
39.93,77544
38.46,30132
39.8,75089
40.34,90314
40.58,104990
39.65,66191
39.77,77563
39.41,72090
38.34,41116
40.77,89984
38.88,17982
40.28,111529
38.1,44866
37.99,37921
38.76,52287
37.94,33172
37.97,35336
40.19,112128
40.48,127454
40.57,106048
37.62,22407
41.23,125957
42.98,245191
20.64,130
21.63,-63
17.45,-91
22.82,-67
19.6,-27
20.4,-186
18.8,-205
15.52,-55
31.77,1500
32.25,1626
32.11,1716
20.16,41
33.72,3988
31.71,1615
30.7,1506
30.82,1433
32.41,1484
31.8,1499
31.99,2281
31.18,526
31.1,819
20.35,-74
13.58,213
24.53,-155
17.11,171
30.04,835
33.78,2393
31.78,681
30.97,655
31,752
31.02,1324
30.91,901
29.53,914
30.89,58
31.04,1567
30.93,232
31.03,1917
31.11,1514
32.17,1899
31.62,1080
31.03,1669
32.02,2257
31.34,1219
31.33,1472
31.31,1216
32.04,1687
32.3,1454
31.63,1226
31.51,1682
32.12,1812
31.48,948
26.86,242
32.02,2492
32.54,2396
32.87,3275
31.79,2611
32.28,2794
30.55,2628
32.81,3268
33.69,3051
32.24,3011
32.49,1705
32.86,3227
33.25,2826
31.87,2784
32.27,1903
33.57,1786
27.65,227
35.91,8469
31.19,670
31.29,780
30.35,1297
31.17,1726
32.59,1020
31.49,1414
36.43,13365
24,-200
35.29,7103
35.24,6045
36.57,13302
33.45,3060
31.6,1477
34.32,4441
31.57,1502
32.17,1428
33.44,3789
33.74,5334
30.68,1354
33.4,5372
26.45,69
29.17,374
32.54,2933
31.25,1539
29.93,1560
34.94,6135
32.15,1587
31.44,1598
30.3,1555
32.06,1585
29.27,416
34.6,6694
36.12,11317
27.62,248
27.79,245
31.43,1787
31.59,1608
33.09,4950
32.18,1810
35.37,3746
32.83,2934
33.11,1968
19.63,76
32.83,2893
34.34,5655
32.43,1927
34.59,5725
34.46,5009
34.53,5512
34.82,6018
34.62,5235
34.61,5639
33.29,2001
32.01,2043
32.99,2694
31.68,1584
34.04,5340
31.75,2964
34.4,5074
32.16,1447
35.75,11496
33.23,2155
37.08,17780
32.79,1665
34.16,5039
33.74,5737
34.34,5338
31.49,1636
36.7,13801
31.44,1408
34.72,5348
36.1,9163
31.51,1935
31.42,2011
28.17,158
30.72,1580
35.94,15868
33.28,3447
34.71,6174
36.01,11127
34.44,5042
31.88,1556
31.55,1576
32.36,2301
32.74,2295
33.1,4065
31.28,4791
26.63,157
33.87,5330
32.59,2097
31.22,1457
35.21,8143
33.97,4757
30.94,1491
35.98,4628
32.65,1376
36.23,10380
34.42,6465
33.27,3646
34.43,4990
28.83,434
31.22,1532
28.91,498
31.93,2360
33.06,3897
32.81,2706
35.52,8928
32.8,2592
31.71,1485
31.39,1320
31.44,1646
31.87,2178
33.71,3954
31.33,1261
34.76,5960
32.88,2810
35.47,8645
33.76,3078
32.12,2534
33.12,1949
30.85,928
31.21,1014
31.5,1250
31.71,997
31.44,1649
31.65,1688
32.59,2286
31.49,1456
34.2,5934
31.34,1712
32.26,1507
28.72,425
31.69,1659
32.21,1941
31.5,1298
31.02,1713
32.14,1807
31.14,912
31.45,1214
31.78,2233
31.44,1235
31.41,1696
31.45,1166
31.54,1541
26.69,330
28.95,491
31.79,1722
31.51,1257
31.6,1194
29.31,595
31.32,1753
31.56,1103
31.43,1571
31.41,1138
31.61,798
31.59,1260
31.48,695
31.55,1041
31.46,868
31.47,1176
34.74,6002
31.55,1513
31.04,1535
36.97,17532
31.65,977
31.77,1678
31.44,1850
30.06,1374
31.47,1212
29.62,1157
31.48,1362
34.65,5495
30.5,1314
28.82,302
30.9,1128
32.96,2388
34.1,2646
34.35,4660
32.02,1271
31.71,1788
32.5,2862
32.96,1781
33.71,3840
32.19,1853
35.24,8822
31.13,817
33.15,3777
33.91,4372
30.26,786
33.64,5527
34.07,4595
34.05,5462
33.33,4032
33.82,4592
30.35,1483
33.53,4029
31.87,1489
33.73,3855
33.16,2429
34.21,4698
33.91,4580
34.19,4694
31.47,1784
30.3,1042
31.25,1328
34.22,4857
30.05,899
34.11,4513
31.09,1012
33.49,3754
33.54,3844
30.67,1015
32.81,1624
34.05,4453
33.63,4116
32.22,2199
30.36,1055
34.38,4356
32.44,2244
34.87,4644
32.9,1828
32.42,2556
32.19,1851
32.26,1217
32,891
31.54,1304
33.99,4285
31.42,1071
31.18,1108
32.53,2648
31,2346
33.04,2359
29.27,440
32.42,2430
30.84,1141
34.22,4344
34.1,5206
33.36,2711
34.32,5767
30.53,1150
30.82,1081
31.09,1563
34.15,2813
29.05,286
33.44,4500
36.64,14796
33.26,3171
33,2210
34.73,5266
34.27,5854
33.66,4233
32.15,1701
33.91,4905
32.34,1208
32.86,2066
34.04,4386
33.82,3024
34.19,5316
31.22,1390
32.11,1904
34.05,4185
28.92,372
32.09,1519
33.24,4366
34.36,5416
32.04,2675
30.52,587
33.35,2781
32.42,4372
35.11,6866
29,304
35.38,6929
32.39,2656
35.08,7500
33.36,3713
34.71,5835
30.55,578
32.16,2552
31.56,2186
32.27,2401
20.16,13
33.35,3834
30.2,608
33.25,2591
29.97,662
31.59,2188
31.9,1514
31.14,1841
31.9,1196
33.88,4008
32.44,2096
32.67,1857
35.77,7881
30.58,2078
33.14,2383
34.37,6330
32.02,1632
32.68,3426
28.61,345
32.29,2179
32.44,1554
33.45,2672
34.15,4864
33.61,4314
32.1,2235
34.94,6317
32.19,1261
31.75,1868
32.83,3176
32.69,1870
32.69,2180
34.07,2541
35.1,6126
32.27,2569
33.48,2332
31.08,1456
34.78,5032
33.03,2444
30.8,1226
32.44,2046
33.82,2321
32.73,1903
30.64,796
27.53,314
30.07,745
31.85,1069
33.85,2601
32.87,1979
32.9,2634
34.04,4163
34.58,5245
33.29,3110
29.83,488
33.56,3041
34.45,4773
32.05,1350
34.96,5231
33.14,3318
30.5,890
32.25,726
34.18,4982
32.82,1376
29.06,750
31.39,1676
35.63,9458
32.6,1436
31.01,1340
31.86,2390
32.16,2028
33.74,4066
33.57,2538
31.24,1252
33.92,4526
31.91,2247
34.93,5209
34.46,6371
32.57,2414
32.9,2612
34.83,4524
32.5,2581
34.44,5715
31.86,1445
31.41,1464
31.13,732
32.76,2631
29.67,593
35.64,8322
33.02,3199
32.64,2269
32.15,2141
32.93,1800
34.87,6061
35.77,9068
32.84,1784
34.18,5126
32.66,2593
33.14,1953
33.05,1544
34.53,3346
29.98,2605
34.18,3585
34.43,3214
34.12,4583
34.47,5040
33.21,2490
32.46,1657
32.66,2219
32.38,2205
32.73,2554
33.53,2699
32.77,1903
33.56,2490
34.82,4965
32.58,2158
33.3,2220
33.59,2240
34.01,3258
32.75,2201
33.48,2400
31.18,638
29.14,788
32.86,1925
31.98,1442
33.13,2726
22.89,-47
31.68,1562
31.84,2119
32.8,2285
31.84,2340
34.1,4168
29.36,404
35.13,7305
32.24,2199
31.01,1776
32.86,2586
33.52,2522
33.49,2426
30.09,502
33.55,2965
30.88,779
33.17,2942
33.73,2249
32.4,1681
33.17,2514
32.77,1874
32.97,2566
33.11,2341
27.95,66
27.93,160
32.39,2200
32.07,2200
27.91,189
33.76,4024
32.15,1419
27.83,161
31.14,744
25.56,150
31.18,870
27.81,-29
31.16,1670
29.1,550
34.47,7088
32.86,3364
32.24,1307
33.29,1984
31.96,1183
31.09,893
27.85,277
32.87,2286
32.92,2401
32.41,2705
31.4,2519
31.91,1151
32.2,2459
33.29,3676
33.02,2802
33.07,2534
33.46,2200
27.71,160
34.51,5500
35.85,9597
33.12,2373
32.66,2988
32.57,2489
32.58,2346
32.2,2445
33.46,3308
31.45,2271
32.06,3465
30.9,745
34.14,2546
29.44,3174
32.42,2428
33.23,4222
33.08,2750
32.05,693
33.11,2666
29.23,842
33.75,2695
33.02,3356
33.89,3349
33.02,3470
32.9,2648
32.96,1934
34.08,4160
34.03,3159
34.12,4180
31.29,4208
32.19,889
32.99,3540
31.83,2442
33.53,4238
33.09,2548
32.87,999
32.15,2787
29.2,454
34.28,4323
32.74,2720
34.24,3688
29.2,501
30.31,831
31.05,614
32.98,2317
32.13,1867
34.36,4547
28.03,230
33.28,3072
32.05,1558
31.57,1026
34.53,5255
32.52,862
31.23,1173
29.45,1008
33.16,2946
32.53,2261
29.8,852
32.09,1302
31.31,1192
32.75,2557
31.97,2037
33.28,2812
31.55,904
31.88,2410
34.82,6167
31.57,1412
32.01,1158
34.93,2682
31.68,1425
31.86,1998
34.33,4865
32.09,1691
31.39,1751
32.87,2487
32.03,2054
32.88,2818
32.68,1579
34.19,3900
34.77,6817
28.89,454
34.61,6715
31.72,1893
34.53,5928
32.57,1828
31.8,1573
34.07,6979
31.3,1049
35.07,5625
31.67,873
33.42,2597
30.59,938
33.43,6604
35.31,5919
31.72,1490
28.67,454
31.59,1438
31.93,1555
32.39,2804
32.17,1720
31.01,1625
31.07,924
30.12,956
30.43,750
31.59,1620
31.22,1637
29.82,2022
31.28,1699
32.67,1966
30.02,1578
31.12,1674
31.88,2080
31.14,1293
33.07,2673
31.93,1546
31.79,2042
31.94,1855
32.31,1962
32.37,2002
32.28,1508
28.43,358
32.87,1993
31.76,1961
33.76,2471
33.4,1989
31.27,205
30.36,-70
27.59,425
32.57,1146
31.31,2508
32.07,2994
32.27,2763
31.6,1797
32.12,761
31.02,1926
29.31,328
30.97,1964
31.01,1024
32.99,3239
31.22,2584
32.84,2754
31.84,3366
32.3,2872
28.37,322
32.59,3220
28.34,334
29.64,456
32.43,1645
31.22,885
31.39,1185
35.29,7526
30.22,1347
30.88,875
33.26,9128
32.11,574
31.96,1354
32.93,2783
32.46,3001
33.37,3172
33.35,2364
32.65,2437
32.81,2412
34.95,6952
35.06,10820
32.96,4429
32.36,2434
33.18,3135
28.68,452
35.94,9699
31.13,1374
34.51,4875
27.39,368
32.91,2327
32.42,1809
32.76,2464
33.01,2680
32.3,2142
34.3,3751
29.39,1198
29.09,1294
33.51,2961
32.16,1781
32.67,2705
34.03,4010
32.82,2705
33.16,4496
32.4,2280
31.85,2120
32.56,1883
32.08,2150
33.08,2449
33.28,2741
32.67,4143
32.58,3026
33.17,3080
32.58,2889
34.11,4529
28.86,493
32.39,2358
30.29,918
34.15,7515
31.41,1198
30.18,964
35.77,6649
31.85,1165
35.02,7461
34.94,7322
31.69,1378
34.81,6065
34.65,7243
35.24,7140
34.91,6819
35.7,8396
31.34,1508
36.2,7823
35.23,7043
33.78,6496
33.81,8013
34.68,6932
29.31,699
34.73,9434
34.65,8105
33.34,2661
33.64,3102
35.08,6192
34.88,7283
34.98,6152
35.09,7018
31.91,2409
34.85,7659
35.09,7514
34.39,7933
35.23,8437
34.6,8581
33.37,2445
35.38,10902
34.42,7654
35.25,7658
32.66,2911
34.85,5817
35.57,7564
28.8,627
30.88,1195
34.95,7592
33.22,7776
27.49,568
30.58,2420
32.82,3009
33.69,5522
30.01,1234
31.96,2246
32.16,2848
32.19,2476
32.52,1517
31.65,1588
30.43,2958
33.8,3040
31.16,1284
32.21,2456
32.99,2826
33.21,2933
34.48,2756
27.87,227
30.42,1111
32.39,2834
34.2,7289
34.12,2634
32.51,3003
34.48,6132
27.87,480
27.87,615
31.53,2227
28.13,242
36.08,7136
31.42,2251
30.66,1259
34.51,4278
31.95,1777
32.75,2745
31.38,1715
31.63,1825
28.56,550
31.14,1318
32.28,1601
30.39,1497
31.48,2698
30.69,1304
32.66,1999
32.33,1963
32.88,2782
34.31,5500
31.42,1004
32.66,2805
27.98,575
34.53,6746
35.44,9352
35.17,7429
37.11,14562
28.39,346
33.62,1300
35.44,9813
31.22,1283
32.93,2325
28.57,282
32.61,1760
30.77,1288
34.61,3766
33.11,2801
31.63,2246
33.54,3465
34.15,4122
31.8,2271
27.53,418
29.21,668
28.27,330
28.67,441
32.03,2382
32.5,2384
32.26,2232
32.6,2515
27.47,276
28.19,451
32.66,2127
28.24,349
33.08,2499
31.6,1598
32.86,1924
32.4,2422
27.52,191
34.01,3650
32.8,2692
30.74,939
35.7,8562
30.73,1258
34.96,7134
32.85,3417
32.53,2612
28.26,373
29.69,465
31.75,2256
32.41,2555
34.39,4162
32.67,2757
32.55,2179
32.51,1919
33.67,3761
32.63,2213
34.48,4284
33.4,2793
32.06,2355
32.13,2575
34.05,3897
32.09,4882
33.39,2504
31.54,1736
29.74,454
31.52,1981
30.7,713
30.96,1278
31.1,1278
31.42,1476
31.17,1512
32.68,2702
33.37,2679
36.18,11190
30.79,1665
35.21,9138
27.79,255
32.92,2981
34.63,4359
32.84,3000
33.22,3639
32.12,2937
32.85,2722
30.87,1371
34.1,2305
31.68,1682
28.82,355
32.41,2816
33.13,2324
32.63,2666
32.33,2740
32.2,2636
32.44,1848
35.54,7177
31.69,2159
33.17,2861
32.66,2527
31.92,2094
32.83,1998
35.19,12575
32.33,2888
33.16,2294
33.19,2541
30.9,1940
31.37,1488
28.21,926
32.02,2867
31.82,2806
35.74,10072
33.01,2887
30.16,724
29,462
32.99,2414
31.59,1840
33.38,2894
19.29,-92
32.05,2222
32.25,1961
27.23,407
31.53,1323
35.81,11336
32.33,2243
38.89,18239
32.61,1932
34.28,3636
34.14,4388
32.65,2141
34.39,5694
36.21,11091
32.47,2022
35.82,9716
35.65,7377
36.37,10358
34.58,4635
33.53,4385
35.65,9493
32.83,2412
33.19,4839
33.64,3283
35.83,7606
31.89,1527
28.84,484
34.64,5075
36.2,12384
35.76,8275
31.64,1620
35.41,9001
33.1,2223
33.05,2680
35.05,8275
32.47,1285
30.04,1433
35.27,8216
31.96,2761
32.56,2907
33.07,4913
35.53,6968
35.42,8883
36.24,1992
31.07,1949
33.26,3195
33.61,3284
32.22,1875
34.23,5048
34.27,5050
32.1,2721
32.05,2028
32.28,2657
34.03,4825
32.19,1932
31.79,2357
31.84,2281
32.48,3032
34,4495
32.46,2689
30.55,3146
33.7,5454
34.02,4916
31.68,3478
34.33,5434
35.38,9937
33.79,5182
33.08,2566
35.23,5655
34.3,4675
35.01,4773
34.96,6777
33.83,4025
34.13,4887
33.9,4387
33.43,3945
34.34,5862
32.19,3090
33.15,3300
32.71,3116
34.06,4432
31.55,1764
32.88,4114
31.99,2638
33.97,5584
33.56,2790
32.86,2410
33.58,4654
34.61,6147
33.38,3347
34.47,6094
29.65,1628
34.59,5852
34.44,5686
31.32,1826
34.44,5986
34.07,4987
34.17,5684
36.33,12078
33.78,4210
30.35,3475
34.89,5698
32.39,2660
32.29,2594
34.33,5560
32.45,2704
32.98,2627
34.4,5778
31.2,3179
34.32,4959
34.08,5027
32.33,2786
34.42,4709
32.5,2210
33.85,5731
33.7,5536
32.55,2876
34.75,5511
31.4,2415
32.35,2984
31.63,2664
33.64,4175
33.89,5423
33.97,4635
33.2,4039
32.79,2893
32.87,3087
31.67,2757
33.96,4340
35.29,8203
35.35,8633
34.04,4766
31.35,2657
34.61,4931
32.03,1920
35.97,8743
32.36,2235
30.96,1155
35.34,6433
33.63,4226
34.06,5163
32.6,2669
31.73,2254
33.37,3076
31.55,1653
32.06,2671
30.19,764
35.08,8805
31.19,2589
29.89,799
32.13,2471
36.54,15422
31.82,2729
31.86,2635
31.78,2613
34.39,5527
32.14,2922
34.95,6164
32.9,2672
34.46,6064
31.5,2262
33.15,2536
32.7,2803
31.24,1519
31.49,1868
32.85,2783
30.83,1841
34.02,4938
33.24,2886
33.95,4301
31.14,1621
31.53,1814
32.45,2811
30.81,1948
34.77,5758
34.51,5356
32.72,2744
32.43,2859
29.99,892
29.52,673
32.36,2350
31.61,2415
35.08,7752
32.63,2620
31.94,2565
31.86,2767
31.67,2076
36.22,10506
32.89,2283
33.36,4213
31.21,3039
32.37,3101
26.75,124
32.49,2817
32.04,1756
24.82,99
32.92,2689
32.1,2666
35.14,6940
32.77,2974
33.02,1735
33.31,2690
32.57,2976
32.84,2879
27.08,911
32.75,2342
31.8,1733
30.8,1294
31.35,1376
29.92,1049
33.12,1793
36.05,9735
32.14,1659
32.24,1633
29.34,1626
35.3,7284
31.01,1596
36.34,12951
32.68,2749
31.41,1560
33.58,2635
31.83,1659
32.74,4146
32.92,3747
29.65,579
31.76,1662
26.74,74
31.57,1518
31.93,1900
31.65,1442
30.75,2381
32.87,3101
33.43,4986
32.41,1553
33.58,2974
32,1938
32.44,2149
32.01,1451
35.06,7612
31.74,2207
32.82,2193
31.6,1818
32.38,2971
34.77,5996
35.48,10132
35.12,7258
29.22,506
35.35,8838
35.14,5942
35.96,10254
35.42,7746
33.47,3260
36.05,13297
34.26,4894
31.37,1389
31.3,1374
31.31,1907
34.38,2981
34.79,6483
30,790
30.04,736
35.16,6891
33.85,8122
34.13,6933
34.87,5919
33.37,7644
34.23,6988
33.47,8260
34.16,7883
32.11,1894
33.85,4703
33.31,3398
33.47,3728
29.83,640
19.71,74
32.1,3316
32.21,4308
31.68,2734
35.18,6210
36.06,11844
35.03,7794
35.98,6002
34.68,6394
31.87,1615
35.92,10010
34.96,4406
35.05,5430
34.53,6538
35.21,7286
34.23,3251
36.05,9577
36.49,8580
34.56,4137
35.14,5588
33.66,4618
34.78,4418
32.97,2163
36.62,10735
34.9,6430
35.48,9192
34,5485
34.83,5106
32.67,3978
33.74,2805
31.17,1753
34.33,5285
34.34,5758
27.66,158
32.27,5599
33.08,4560
32.94,4473
33.11,5524
30.64,6056
33.77,3395
34.9,5100
32.51,2979
26.15,208
33.45,4341
37.49,19080
28.7,340
34.2,5014
34.49,3673
32.55,3316
34.3,5290
27.79,98
27.56,81
29.82,429
28.3,248
28.18,352
28.84,449
28.49,259
28.63,359
34.03,4441
34.37,4602
29.68,6048
32.49,2652
33.86,4566
34.09,4843
37.62,23832
36.06,11410
35.96,9105
34.96,7952